[app/ui]
version = 7.2.6
modtime = 1559191117.959311000

[app/launcher]
version = 7.2.6
modtime = 1559191117.961395000
